# Blender v2.92.0 OBJ File: 'justTest.blend'
# www.blender.org
mtllib fireballHandle.mtl
o Cube.001_Cube.002
v -1.000000 -0.099425 1.000000
v -1.000000 1.900575 1.000000
v -1.000000 -0.099425 -1.000000
v -1.000000 1.900575 -1.000000
v 1.000000 -0.099425 1.000000
v 1.000000 1.900575 1.000000
v 1.000000 -0.099425 -1.000000
v 1.000000 1.900575 -1.000000
vt 0.375000 0.000000
vt 0.625000 0.000000
vt 0.625000 0.250000
vt 0.375000 0.250000
vt 0.625000 0.500000
vt 0.375000 0.500000
vt 0.625000 0.750000
vt 0.375000 0.750000
vt 0.625000 1.000000
vt 0.375000 1.000000
vt 0.125000 0.500000
vt 0.125000 0.750000
vt 0.875000 0.500000
vt 0.875000 0.750000
vn -1.0000 0.0000 0.0000
vn 0.0000 0.0000 -1.0000
vn 1.0000 0.0000 0.0000
vn 0.0000 0.0000 1.0000
vn 0.0000 -1.0000 0.0000
vn 0.0000 1.0000 0.0000
usemtl None
s off
f 1/1/1 2/2/1 4/3/1 3/4/1
f 3/4/2 4/3/2 8/5/2 7/6/2
f 7/6/3 8/5/3 6/7/3 5/8/3
f 5/8/4 6/7/4 2/9/4 1/10/4
f 3/11/5 7/6/5 5/8/5 1/12/5
f 8/5/6 4/13/6 2/14/6 6/7/6
o Cube.002_Cube.003
v -0.943577 1.815408 -0.431463
v -0.943577 2.288552 -2.374691
v -0.943577 -0.127820 -0.904607
v -0.943577 0.345324 -2.847835
v 1.056424 1.815408 -0.431463
v 1.056424 2.288552 -2.374691
v 1.056424 -0.127820 -0.904607
v 1.056424 0.345324 -2.847835
vt 0.375000 0.000000
vt 0.625000 0.000000
vt 0.625000 0.250000
vt 0.375000 0.250000
vt 0.625000 0.500000
vt 0.375000 0.500000
vt 0.625000 0.750000
vt 0.375000 0.750000
vt 0.625000 1.000000
vt 0.375000 1.000000
vt 0.125000 0.500000
vt 0.125000 0.750000
vt 0.875000 0.500000
vt 0.875000 0.750000
vn -1.0000 0.0000 0.0000
vn 0.0000 -0.9716 -0.2366
vn 1.0000 -0.0000 0.0000
vn 0.0000 0.9716 0.2366
vn 0.0000 -0.2366 0.9716
vn 0.0000 0.2366 -0.9716
usemtl None
s off
f 9/15/7 10/16/7 12/17/7 11/18/7
f 11/18/8 12/17/8 16/19/8 15/20/8
f 15/20/9 16/19/9 14/21/9 13/22/9
f 13/22/10 14/21/10 10/23/10 9/24/10
f 11/25/11 15/20/11 13/22/11 9/26/11
f 16/19/12 12/27/12 10/28/12 14/21/12
o Cube.003_Cube.004
v -0.951368 0.215999 -2.642325
v -0.951368 2.059782 -1.867428
v -0.951368 0.990895 -4.486108
v -0.951368 2.834678 -3.711211
v 1.048632 0.215999 -2.642325
v 1.048632 2.059782 -1.867428
v 1.048632 0.990895 -4.486108
v 1.048632 2.834678 -3.711211
vt 0.375000 0.000000
vt 0.625000 0.000000
vt 0.625000 0.250000
vt 0.375000 0.250000
vt 0.625000 0.500000
vt 0.375000 0.500000
vt 0.625000 0.750000
vt 0.375000 0.750000
vt 0.625000 1.000000
vt 0.375000 1.000000
vt 0.125000 0.500000
vt 0.125000 0.750000
vt 0.875000 0.500000
vt 0.875000 0.750000
vn -1.0000 -0.0000 0.0000
vn 0.0000 0.3874 -0.9219
vn 1.0000 0.0000 0.0000
vn 0.0000 -0.3874 0.9219
vn 0.0000 -0.9219 -0.3874
vn 0.0000 0.9219 0.3874
usemtl None
s off
f 17/29/13 18/30/13 20/31/13 19/32/13
f 19/32/14 20/31/14 24/33/14 23/34/14
f 23/34/15 24/33/15 22/35/15 21/36/15
f 21/36/16 22/35/16 18/37/16 17/38/16
f 19/39/17 23/34/17 21/36/17 17/40/17
f 24/33/18 20/41/18 18/42/18 22/35/18
o Cube.004_Cube.005
v -0.966329 2.683691 -3.349538
v -0.966329 3.694976 -5.075024
v -0.966329 0.958205 -4.360823
v -0.966329 1.969490 -6.086308
v 1.033671 2.683691 -3.349538
v 1.033671 3.694976 -5.075024
v 1.033671 0.958205 -4.360823
v 1.033671 1.969490 -6.086308
vt 0.375000 0.000000
vt 0.625000 0.000000
vt 0.625000 0.250000
vt 0.375000 0.250000
vt 0.625000 0.500000
vt 0.375000 0.500000
vt 0.625000 0.750000
vt 0.375000 0.750000
vt 0.625000 1.000000
vt 0.375000 1.000000
vt 0.125000 0.500000
vt 0.125000 0.750000
vt 0.875000 0.500000
vt 0.875000 0.750000
vn -1.0000 0.0000 0.0000
vn 0.0000 -0.8627 -0.5056
vn 1.0000 0.0000 0.0000
vn 0.0000 0.8627 0.5056
vn 0.0000 -0.5056 0.8627
vn 0.0000 0.5056 -0.8627
usemtl None
s off
f 25/43/19 26/44/19 28/45/19 27/46/19
f 27/46/20 28/45/20 32/47/20 31/48/20
f 31/48/21 32/47/21 30/49/21 29/50/21
f 29/50/22 30/49/22 26/51/22 25/52/22
f 27/53/23 31/48/23 29/50/23 25/54/23
f 32/47/24 28/55/24 26/56/24 30/49/24
o Cube.006
v -0.943577 1.815408 -0.431463
v -0.943577 2.288552 -2.374691
v -0.943577 -0.127820 -0.904607
v -0.943577 0.345324 -2.847835
v 1.056424 1.815408 -0.431463
v 1.056424 2.288552 -2.374691
v 1.056424 -0.127820 -0.904607
v 1.056424 0.345324 -2.847835
vt 0.375000 0.000000
vt 0.625000 0.000000
vt 0.625000 0.250000
vt 0.375000 0.250000
vt 0.625000 0.500000
vt 0.375000 0.500000
vt 0.625000 0.750000
vt 0.375000 0.750000
vt 0.625000 1.000000
vt 0.375000 1.000000
vt 0.125000 0.500000
vt 0.125000 0.750000
vt 0.875000 0.500000
vt 0.875000 0.750000
vn -1.0000 0.0000 0.0000
vn 0.0000 -0.9716 -0.2366
vn 1.0000 -0.0000 0.0000
vn 0.0000 0.9716 0.2366
vn 0.0000 -0.2366 0.9716
vn 0.0000 0.2366 -0.9716
usemtl None
s off
f 33/57/25 34/58/25 36/59/25 35/60/25
f 35/60/26 36/59/26 40/61/26 39/62/26
f 39/62/27 40/61/27 38/63/27 37/64/27
f 37/64/28 38/63/28 34/65/28 33/66/28
f 35/67/29 39/62/29 37/64/29 33/68/29
f 40/61/30 36/69/30 34/70/30 38/63/30
o Cube.007
v -0.951368 0.215999 -2.642325
v -0.951368 2.059782 -1.867428
v -0.951368 0.990895 -4.486108
v -0.951368 2.834678 -3.711211
v 1.048632 0.215999 -2.642325
v 1.048632 2.059782 -1.867428
v 1.048632 0.990895 -4.486108
v 1.048632 2.834678 -3.711211
vt 0.375000 0.000000
vt 0.625000 0.000000
vt 0.625000 0.250000
vt 0.375000 0.250000
vt 0.625000 0.500000
vt 0.375000 0.500000
vt 0.625000 0.750000
vt 0.375000 0.750000
vt 0.625000 1.000000
vt 0.375000 1.000000
vt 0.125000 0.500000
vt 0.125000 0.750000
vt 0.875000 0.500000
vt 0.875000 0.750000
vn -1.0000 -0.0000 0.0000
vn 0.0000 0.3874 -0.9219
vn 1.0000 0.0000 0.0000
vn 0.0000 -0.3874 0.9219
vn 0.0000 -0.9219 -0.3874
vn 0.0000 0.9219 0.3874
usemtl None
s off
f 41/71/31 42/72/31 44/73/31 43/74/31
f 43/74/32 44/73/32 48/75/32 47/76/32
f 47/76/33 48/75/33 46/77/33 45/78/33
f 45/78/34 46/77/34 42/79/34 41/80/34
f 43/81/35 47/76/35 45/78/35 41/82/35
f 48/75/36 44/83/36 42/84/36 46/77/36
o Cube.008
v -0.966329 2.683691 -3.349538
v -0.966329 3.694976 -5.075024
v -0.966329 0.958205 -4.360823
v -0.966329 1.969490 -6.086308
v 1.033671 2.683691 -3.349538
v 1.033671 3.694976 -5.075024
v 1.033671 0.958205 -4.360823
v 1.033671 1.969490 -6.086308
vt 0.375000 0.000000
vt 0.625000 0.000000
vt 0.625000 0.250000
vt 0.375000 0.250000
vt 0.625000 0.500000
vt 0.375000 0.500000
vt 0.625000 0.750000
vt 0.375000 0.750000
vt 0.625000 1.000000
vt 0.375000 1.000000
vt 0.125000 0.500000
vt 0.125000 0.750000
vt 0.875000 0.500000
vt 0.875000 0.750000
vn -1.0000 0.0000 0.0000
vn 0.0000 -0.8627 -0.5056
vn 1.0000 0.0000 0.0000
vn 0.0000 0.8627 0.5056
vn 0.0000 -0.5056 0.8627
vn 0.0000 0.5056 -0.8627
usemtl None
s off
f 49/85/37 50/86/37 52/87/37 51/88/37
f 51/88/38 52/87/38 56/89/38 55/90/38
f 55/90/39 56/89/39 54/91/39 53/92/39
f 53/92/40 54/91/40 50/93/40 49/94/40
f 51/95/41 55/90/41 53/92/41 49/96/41
f 56/89/42 52/97/42 50/98/42 54/91/42
o Cube.011_Cube.010
v -0.951368 3.205747 -7.594823
v -0.951368 4.525588 -6.092152
v -0.951368 4.708418 -8.914663
v -0.951368 6.028259 -7.411993
v 1.048632 3.205747 -7.594823
v 1.048632 4.525588 -6.092152
v 1.048632 4.708418 -8.914663
v 1.048632 6.028259 -7.411993
vt 0.375000 0.000000
vt 0.625000 0.000000
vt 0.625000 0.250000
vt 0.375000 0.250000
vt 0.625000 0.500000
vt 0.375000 0.500000
vt 0.625000 0.750000
vt 0.375000 0.750000
vt 0.625000 1.000000
vt 0.375000 1.000000
vt 0.125000 0.500000
vt 0.125000 0.750000
vt 0.875000 0.500000
vt 0.875000 0.750000
vn -1.0000 0.0000 0.0000
vn 0.0000 0.7513 -0.6599
vn 1.0000 0.0000 0.0000
vn 0.0000 -0.7513 0.6599
vn 0.0000 -0.6599 -0.7513
vn 0.0000 0.6599 0.7513
usemtl None
s off
f 57/99/43 58/100/43 60/101/43 59/102/43
f 59/102/44 60/101/44 64/103/44 63/104/44
f 63/104/45 64/103/45 62/105/45 61/106/45
f 61/106/46 62/105/46 58/107/46 57/108/46
f 59/109/47 63/104/47 61/106/47 57/110/47
f 64/103/48 60/111/48 58/112/48 62/105/48
o Cube.012_Cube.011
v -0.966329 5.867452 -7.367794
v -0.966329 7.503009 -8.518861
v -0.966329 4.716386 -9.003350
v -0.966329 6.351943 -10.154417
v 1.033671 5.867452 -7.367794
v 1.033671 7.503009 -8.518861
v 1.033671 4.716386 -9.003350
v 1.033671 6.351943 -10.154417
vt 0.375000 0.000000
vt 0.625000 0.000000
vt 0.625000 0.250000
vt 0.375000 0.250000
vt 0.625000 0.500000
vt 0.375000 0.500000
vt 0.625000 0.750000
vt 0.375000 0.750000
vt 0.625000 1.000000
vt 0.375000 1.000000
vt 0.125000 0.500000
vt 0.125000 0.750000
vt 0.875000 0.500000
vt 0.875000 0.750000
vn -1.0000 0.0000 0.0000
vn 0.0000 -0.5755 -0.8178
vn 1.0000 0.0000 0.0000
vn 0.0000 0.5755 0.8178
vn 0.0000 -0.8178 0.5755
vn 0.0000 0.8178 -0.5755
usemtl None
s off
f 65/113/49 66/114/49 68/115/49 67/116/49
f 67/116/50 68/115/50 72/117/50 71/118/50
f 71/118/51 72/117/51 70/119/51 69/120/51
f 69/120/52 70/119/52 66/121/52 65/122/52
f 67/123/53 71/118/53 69/120/53 65/124/53
f 72/117/54 68/125/54 66/126/54 70/119/54
o Cube.013_Cube.012
v -0.943577 4.699532 -6.279585
v -0.943577 3.206302 -7.610098
v -0.943577 3.369018 -4.786355
v -0.943577 1.875789 -6.116869
v 1.056424 4.699532 -6.279585
v 1.056424 3.206302 -7.610098
v 1.056424 3.369018 -4.786355
v 1.056424 1.875789 -6.116869
vt 0.375000 0.000000
vt 0.625000 0.000000
vt 0.625000 0.250000
vt 0.375000 0.250000
vt 0.625000 0.500000
vt 0.375000 0.500000
vt 0.625000 0.750000
vt 0.375000 0.750000
vt 0.625000 1.000000
vt 0.375000 1.000000
vt 0.125000 0.500000
vt 0.125000 0.750000
vt 0.875000 0.500000
vt 0.875000 0.750000
vn -1.0000 0.0000 0.0000
vn 0.0000 -0.6653 0.7466
vn 1.0000 0.0000 0.0000
vn 0.0000 0.6653 -0.7466
vn 0.0000 0.7466 0.6653
vn 0.0000 -0.7466 -0.6653
usemtl None
s off
f 73/127/55 74/128/55 76/129/55 75/130/55
f 75/130/56 76/129/56 80/131/56 79/132/56
f 79/132/57 80/131/57 78/133/57 77/134/57
f 77/134/58 78/133/58 74/135/58 73/136/58
f 75/137/59 79/132/59 77/134/59 73/138/59
f 80/131/60 76/139/60 74/140/60 78/133/60
o Cube.010_Cube.015
v -0.948258 6.905770 -8.342468
v -0.948258 8.837299 -8.861308
v -0.948258 6.386930 -10.273997
v -0.948258 8.318460 -10.792837
v 1.051742 6.905770 -8.342468
v 1.051742 8.837299 -8.861308
v 1.051742 6.386930 -10.273997
v 1.051742 8.318460 -10.792837
vt 0.375000 0.000000
vt 0.625000 0.000000
vt 0.625000 0.250000
vt 0.375000 0.250000
vt 0.625000 0.500000
vt 0.375000 0.500000
vt 0.625000 0.750000
vt 0.375000 0.750000
vt 0.625000 1.000000
vt 0.375000 1.000000
vt 0.125000 0.500000
vt 0.125000 0.750000
vt 0.875000 0.500000
vt 0.875000 0.750000
vn -1.0000 0.0000 0.0000
vn 0.0000 -0.2594 -0.9658
vn 1.0000 -0.0000 0.0000
vn 0.0000 0.2594 0.9658
vn 0.0000 -0.9658 0.2594
vn 0.0000 0.9658 -0.2594
usemtl None
s off
f 81/141/61 82/142/61 84/143/61 83/144/61
f 83/144/62 84/143/62 88/145/62 87/146/62
f 87/146/63 88/145/63 86/147/63 85/148/63
f 85/148/64 86/147/64 82/149/64 81/150/64
f 83/151/65 87/146/65 85/148/65 81/152/65
f 88/145/66 84/153/66 82/154/66 86/147/66
o Cube.014_Cube.016
v -0.956050 8.076088 -10.807501
v -0.956050 8.282511 -8.818182
v -0.956050 10.065407 -11.013924
v -0.956050 10.271830 -9.024605
v 1.043950 8.076088 -10.807501
v 1.043950 8.282511 -8.818182
v 1.043950 10.065407 -11.013924
v 1.043950 10.271830 -9.024605
vt 0.375000 0.000000
vt 0.625000 0.000000
vt 0.625000 0.250000
vt 0.375000 0.250000
vt 0.625000 0.500000
vt 0.375000 0.500000
vt 0.625000 0.750000
vt 0.375000 0.750000
vt 0.625000 1.000000
vt 0.375000 1.000000
vt 0.125000 0.500000
vt 0.125000 0.750000
vt 0.875000 0.500000
vt 0.875000 0.750000
vn -1.0000 0.0000 0.0000
vn 0.0000 0.9947 -0.1032
vn 1.0000 0.0000 0.0000
vn 0.0000 -0.9947 0.1032
vn 0.0000 -0.1032 -0.9947
vn 0.0000 0.1032 0.9947
usemtl None
s off
f 89/155/67 90/156/67 92/157/67 91/158/67
f 91/158/68 92/157/68 96/159/68 95/160/68
f 95/160/69 96/159/69 94/161/69 93/162/69
f 93/162/70 94/161/70 90/163/70 89/164/70
f 91/165/71 95/160/71 93/162/71 89/166/71
f 96/159/72 92/167/72 90/168/72 94/161/72
o Cube.015_Cube.017
v -0.971010 9.882094 -8.983223
v -0.971010 11.881261 -8.925493
v -0.971010 9.939824 -10.982389
v -0.971010 11.938991 -10.924660
v 1.028990 9.882094 -8.983223
v 1.028990 11.881261 -8.925493
v 1.028990 9.939824 -10.982389
v 1.028990 11.938991 -10.924660
vt 0.375000 0.000000
vt 0.625000 0.000000
vt 0.625000 0.250000
vt 0.375000 0.250000
vt 0.625000 0.500000
vt 0.375000 0.500000
vt 0.625000 0.750000
vt 0.375000 0.750000
vt 0.625000 1.000000
vt 0.375000 1.000000
vt 0.125000 0.500000
vt 0.125000 0.750000
vt 0.875000 0.500000
vt 0.875000 0.750000
vn -1.0000 -0.0000 0.0000
vn 0.0000 0.0289 -0.9996
vn 1.0000 -0.0000 0.0000
vn 0.0000 -0.0289 0.9996
vn 0.0000 -0.9996 -0.0289
vn 0.0000 0.9996 0.0289
usemtl None
s off
f 97/169/73 98/170/73 100/171/73 99/172/73
f 99/172/74 100/171/74 104/173/74 103/174/74
f 103/174/75 104/173/75 102/175/75 101/176/75
f 101/176/76 102/175/76 98/177/76 97/178/76
f 99/179/77 103/174/77 101/176/77 97/180/77
f 104/173/78 100/181/78 98/182/78 102/175/78
o Cube.018
v -0.956050 13.855984 -10.565374
v -0.956050 13.172395 -8.685824
v -0.956050 15.735534 -9.881785
v -0.956050 15.051945 -8.002235
v 1.043950 13.855984 -10.565374
v 1.043950 13.172395 -8.685824
v 1.043950 15.735534 -9.881785
v 1.043950 15.051945 -8.002235
vt 0.375000 0.000000
vt 0.625000 0.000000
vt 0.625000 0.250000
vt 0.375000 0.250000
vt 0.625000 0.500000
vt 0.375000 0.500000
vt 0.625000 0.750000
vt 0.375000 0.750000
vt 0.625000 1.000000
vt 0.375000 1.000000
vt 0.125000 0.500000
vt 0.125000 0.750000
vt 0.875000 0.500000
vt 0.875000 0.750000
vn -1.0000 0.0000 0.0000
vn 0.0000 0.9398 0.3418
vn 1.0000 -0.0000 0.0000
vn 0.0000 -0.9398 -0.3418
vn 0.0000 0.3418 -0.9398
vn 0.0000 -0.3418 0.9398
usemtl None
s off
f 105/183/79 106/184/79 108/185/79 107/186/79
f 107/186/80 108/185/80 112/187/80 111/188/80
f 111/188/81 112/187/81 110/189/81 109/190/81
f 109/190/82 110/189/82 106/191/82 105/192/82
f 107/193/83 111/188/83 109/190/83 105/194/83
f 112/187/84 108/195/84 106/196/84 110/189/84
o Cube.019
v -0.971010 14.935911 -8.122021
v -0.971010 16.731304 -7.240793
v -0.971010 15.817139 -9.917414
v -0.971010 17.612532 -9.036186
v 1.028990 14.935911 -8.122021
v 1.028990 16.731304 -7.240793
v 1.028990 15.817139 -9.917414
v 1.028990 17.612532 -9.036186
vt 0.375000 0.000000
vt 0.625000 0.000000
vt 0.625000 0.250000
vt 0.375000 0.250000
vt 0.625000 0.500000
vt 0.375000 0.500000
vt 0.625000 0.750000
vt 0.375000 0.750000
vt 0.625000 1.000000
vt 0.375000 1.000000
vt 0.125000 0.500000
vt 0.125000 0.750000
vt 0.875000 0.500000
vt 0.875000 0.750000
vn -1.0000 -0.0000 0.0000
vn 0.0000 0.4406 -0.8977
vn 1.0000 0.0000 0.0000
vn 0.0000 -0.4406 0.8977
vn 0.0000 -0.8977 -0.4406
vn 0.0000 0.8977 0.4406
usemtl None
s off
f 113/197/85 114/198/85 116/199/85 115/200/85
f 115/200/86 116/199/86 120/201/86 119/202/86
f 119/202/87 120/201/87 118/203/87 117/204/87
f 117/204/88 118/203/88 114/205/88 113/206/88
f 115/207/89 119/202/89 117/204/89 113/208/89
f 120/201/90 116/209/90 114/210/90 118/203/90
o Cube.020
v -0.948258 13.420356 -8.623346
v -0.948258 13.869647 -10.572227
v -0.948258 11.471475 -9.072638
v -0.948258 11.920766 -11.021519
v 1.051742 13.420356 -8.623346
v 1.051742 13.869647 -10.572227
v 1.051742 11.471475 -9.072638
v 1.051742 11.920766 -11.021519
vt 0.375000 0.000000
vt 0.625000 0.000000
vt 0.625000 0.250000
vt 0.375000 0.250000
vt 0.625000 0.500000
vt 0.375000 0.500000
vt 0.625000 0.750000
vt 0.375000 0.750000
vt 0.625000 1.000000
vt 0.375000 1.000000
vt 0.125000 0.500000
vt 0.125000 0.750000
vt 0.875000 0.500000
vt 0.875000 0.750000
vn -1.0000 0.0000 0.0000
vn 0.0000 -0.9744 -0.2246
vn 1.0000 0.0000 0.0000
vn 0.0000 0.9744 0.2246
vn 0.0000 -0.2246 0.9744
vn 0.0000 0.2246 -0.9744
usemtl None
s off
f 121/211/91 122/212/91 124/213/91 123/214/91
f 123/214/92 124/213/92 128/215/92 127/216/92
f 127/216/93 128/215/93 126/217/93 125/218/93
f 125/218/94 126/217/94 122/219/94 121/220/94
f 123/221/95 127/216/95 125/218/95 121/222/95
f 128/215/96 124/223/96 122/224/96 126/217/96
o Cube.021
v 1.039171 0.215999 2.757984
v 1.039171 2.059782 1.983088
v 1.039171 0.990895 4.601768
v 1.039171 2.834678 3.826871
v -0.960829 0.215999 2.757984
v -0.960829 2.059782 1.983088
v -0.960829 0.990895 4.601768
v -0.960829 2.834678 3.826871
vt 0.375000 0.000000
vt 0.625000 0.000000
vt 0.625000 0.250000
vt 0.375000 0.250000
vt 0.625000 0.500000
vt 0.375000 0.500000
vt 0.625000 0.750000
vt 0.375000 0.750000
vt 0.625000 1.000000
vt 0.375000 1.000000
vt 0.125000 0.500000
vt 0.125000 0.750000
vt 0.875000 0.500000
vt 0.875000 0.750000
vn 1.0000 0.0000 0.0000
vn 0.0000 0.3874 0.9219
vn -1.0000 0.0000 0.0000
vn 0.0000 -0.3874 -0.9219
vn 0.0000 -0.9219 0.3874
vn 0.0000 0.9219 -0.3874
usemtl None
s off
f 129/225/97 130/226/97 132/227/97 131/228/97
f 131/228/98 132/227/98 136/229/98 135/230/98
f 135/230/99 136/229/99 134/231/99 133/232/99
f 133/232/100 134/231/100 130/233/100 129/234/100
f 131/235/101 135/230/101 133/232/101 129/236/101
f 136/229/102 132/237/102 130/238/102 134/231/102
o Cube.022
v 1.054132 2.683691 3.465198
v 1.054132 3.694976 5.190684
v 1.054132 0.958205 4.476483
v 1.054132 1.969490 6.201969
v -0.945868 2.683691 3.465198
v -0.945868 3.694976 5.190684
v -0.945868 0.958205 4.476483
v -0.945868 1.969490 6.201969
vt 0.375000 0.000000
vt 0.625000 0.000000
vt 0.625000 0.250000
vt 0.375000 0.250000
vt 0.625000 0.500000
vt 0.375000 0.500000
vt 0.625000 0.750000
vt 0.375000 0.750000
vt 0.625000 1.000000
vt 0.375000 1.000000
vt 0.125000 0.500000
vt 0.125000 0.750000
vt 0.875000 0.500000
vt 0.875000 0.750000
vn 1.0000 -0.0000 0.0000
vn 0.0000 -0.8627 0.5056
vn -1.0000 0.0000 0.0000
vn 0.0000 0.8627 -0.5056
vn 0.0000 -0.5056 -0.8627
vn 0.0000 0.5056 0.8627
usemtl None
s off
f 137/239/103 138/240/103 140/241/103 139/242/103
f 139/242/104 140/241/104 144/243/104 143/244/104
f 143/244/105 144/243/105 142/245/105 141/246/105
f 141/246/106 142/245/106 138/247/106 137/248/106
f 139/249/107 143/244/107 141/246/107 137/250/107
f 144/243/108 140/251/108 138/252/108 142/245/108
o Cube.023
v 1.031379 1.815408 0.547123
v 1.031379 2.288552 2.490351
v 1.031379 -0.127820 1.020267
v 1.031379 0.345324 2.963495
v -0.968621 1.815408 0.547123
v -0.968621 2.288552 2.490351
v -0.968621 -0.127820 1.020267
v -0.968621 0.345324 2.963495
vt 0.375000 0.000000
vt 0.625000 0.000000
vt 0.625000 0.250000
vt 0.375000 0.250000
vt 0.625000 0.500000
vt 0.375000 0.500000
vt 0.625000 0.750000
vt 0.375000 0.750000
vt 0.625000 1.000000
vt 0.375000 1.000000
vt 0.125000 0.500000
vt 0.125000 0.750000
vt 0.875000 0.500000
vt 0.875000 0.750000
vn 1.0000 0.0000 0.0000
vn 0.0000 -0.9716 0.2366
vn -1.0000 0.0000 0.0000
vn 0.0000 0.9716 -0.2366
vn 0.0000 -0.2366 -0.9716
vn 0.0000 0.2366 0.9716
usemtl None
s off
f 145/253/109 146/254/109 148/255/109 147/256/109
f 147/256/110 148/255/110 152/257/110 151/258/110
f 151/258/111 152/257/111 150/259/111 149/260/111
f 149/260/112 150/259/112 146/261/112 145/262/112
f 147/263/113 151/258/113 149/260/113 145/264/113
f 152/257/114 148/265/114 146/266/114 150/259/114
o Cube.024
v 1.039171 3.205747 7.710484
v 1.039171 4.525588 6.207813
v 1.039171 4.708418 9.030325
v 1.039171 6.028259 7.527653
v -0.960829 3.205747 7.710484
v -0.960829 4.525588 6.207813
v -0.960829 4.708418 9.030325
v -0.960829 6.028259 7.527653
vt 0.375000 0.000000
vt 0.625000 0.000000
vt 0.625000 0.250000
vt 0.375000 0.250000
vt 0.625000 0.500000
vt 0.375000 0.500000
vt 0.625000 0.750000
vt 0.375000 0.750000
vt 0.625000 1.000000
vt 0.375000 1.000000
vt 0.125000 0.500000
vt 0.125000 0.750000
vt 0.875000 0.500000
vt 0.875000 0.750000
vn 1.0000 0.0000 0.0000
vn 0.0000 0.7513 0.6599
vn -1.0000 -0.0000 0.0000
vn 0.0000 -0.7513 -0.6599
vn 0.0000 -0.6599 0.7513
vn 0.0000 0.6599 -0.7513
usemtl None
s off
f 153/267/115 154/268/115 156/269/115 155/270/115
f 155/270/116 156/269/116 160/271/116 159/272/116
f 159/272/117 160/271/117 158/273/117 157/274/117
f 157/274/118 158/273/118 154/275/118 153/276/118
f 155/277/119 159/272/119 157/274/119 153/278/119
f 160/271/120 156/279/120 154/280/120 158/273/120
o Cube.025
v 1.054132 5.867452 7.483454
v 1.054132 7.503009 8.634521
v 1.054132 4.716386 9.119010
v 1.054132 6.351943 10.270077
v -0.945868 5.867452 7.483454
v -0.945868 7.503009 8.634521
v -0.945868 4.716386 9.119010
v -0.945868 6.351943 10.270077
vt 0.375000 0.000000
vt 0.625000 0.000000
vt 0.625000 0.250000
vt 0.375000 0.250000
vt 0.625000 0.500000
vt 0.375000 0.500000
vt 0.625000 0.750000
vt 0.375000 0.750000
vt 0.625000 1.000000
vt 0.375000 1.000000
vt 0.125000 0.500000
vt 0.125000 0.750000
vt 0.875000 0.500000
vt 0.875000 0.750000
vn 1.0000 0.0000 0.0000
vn 0.0000 -0.5755 0.8178
vn -1.0000 0.0000 0.0000
vn 0.0000 0.5755 -0.8178
vn 0.0000 -0.8178 -0.5755
vn 0.0000 0.8178 0.5755
usemtl None
s off
f 161/281/121 162/282/121 164/283/121 163/284/121
f 163/284/122 164/283/122 168/285/122 167/286/122
f 167/286/123 168/285/123 166/287/123 165/288/123
f 165/288/124 166/287/124 162/289/124 161/290/124
f 163/291/125 167/286/125 165/288/125 161/292/125
f 168/285/126 164/293/126 162/294/126 166/287/126
o Cube.026
v 1.031379 4.699532 6.395245
v 1.031379 3.206302 7.725759
v 1.031379 3.369018 4.902016
v 1.031379 1.875789 6.232529
v -0.968621 4.699532 6.395245
v -0.968621 3.206302 7.725759
v -0.968621 3.369018 4.902016
v -0.968621 1.875789 6.232529
vt 0.375000 0.000000
vt 0.625000 0.000000
vt 0.625000 0.250000
vt 0.375000 0.250000
vt 0.625000 0.500000
vt 0.375000 0.500000
vt 0.625000 0.750000
vt 0.375000 0.750000
vt 0.625000 1.000000
vt 0.375000 1.000000
vt 0.125000 0.500000
vt 0.125000 0.750000
vt 0.875000 0.500000
vt 0.875000 0.750000
vn 1.0000 0.0000 0.0000
vn 0.0000 -0.6653 -0.7466
vn -1.0000 0.0000 0.0000
vn 0.0000 0.6653 0.7466
vn 0.0000 0.7466 -0.6653
vn 0.0000 -0.7466 0.6653
usemtl None
s off
f 169/295/127 170/296/127 172/297/127 171/298/127
f 171/298/128 172/297/128 176/299/128 175/300/128
f 175/300/129 176/299/129 174/301/129 173/302/129
f 173/302/130 174/301/130 170/303/130 169/304/130
f 171/305/131 175/300/131 173/302/131 169/306/131
f 176/299/132 172/307/132 170/308/132 174/301/132
o Cube.027
v 1.036060 6.905770 8.458128
v 1.036060 8.837299 8.976968
v 1.036060 6.386930 10.389657
v 1.036060 8.318460 10.908497
v -0.963940 6.905770 8.458128
v -0.963940 8.837299 8.976968
v -0.963940 6.386930 10.389657
v -0.963940 8.318460 10.908497
vt 0.375000 0.000000
vt 0.625000 0.000000
vt 0.625000 0.250000
vt 0.375000 0.250000
vt 0.625000 0.500000
vt 0.375000 0.500000
vt 0.625000 0.750000
vt 0.375000 0.750000
vt 0.625000 1.000000
vt 0.375000 1.000000
vt 0.125000 0.500000
vt 0.125000 0.750000
vt 0.875000 0.500000
vt 0.875000 0.750000
vn 1.0000 -0.0000 0.0000
vn 0.0000 -0.2594 0.9658
vn -1.0000 -0.0000 0.0000
vn 0.0000 0.2594 -0.9658
vn 0.0000 -0.9658 -0.2594
vn 0.0000 0.9658 0.2594
usemtl None
s off
f 177/309/133 178/310/133 180/311/133 179/312/133
f 179/312/134 180/311/134 184/313/134 183/314/134
f 183/314/135 184/313/135 182/315/135 181/316/135
f 181/316/136 182/315/136 178/317/136 177/318/136
f 179/319/137 183/314/137 181/316/137 177/320/137
f 184/313/138 180/321/138 178/322/138 182/315/138
o Cube.028
v 1.043852 8.076088 10.923161
v 1.043852 8.282511 8.933842
v 1.043852 10.065407 11.129583
v 1.043852 10.271830 9.140265
v -0.956148 8.076088 10.923161
v -0.956148 8.282511 8.933842
v -0.956148 10.065407 11.129583
v -0.956148 10.271830 9.140265
vt 0.375000 0.000000
vt 0.625000 0.000000
vt 0.625000 0.250000
vt 0.375000 0.250000
vt 0.625000 0.500000
vt 0.375000 0.500000
vt 0.625000 0.750000
vt 0.375000 0.750000
vt 0.625000 1.000000
vt 0.375000 1.000000
vt 0.125000 0.500000
vt 0.125000 0.750000
vt 0.875000 0.500000
vt 0.875000 0.750000
vn 1.0000 0.0000 0.0000
vn 0.0000 0.9947 0.1032
vn -1.0000 0.0000 0.0000
vn 0.0000 -0.9947 -0.1032
vn 0.0000 -0.1032 0.9947
vn 0.0000 0.1032 -0.9947
usemtl None
s off
f 185/323/139 186/324/139 188/325/139 187/326/139
f 187/326/140 188/325/140 192/327/140 191/328/140
f 191/328/141 192/327/141 190/329/141 189/330/141
f 189/330/142 190/329/142 186/331/142 185/332/142
f 187/333/143 191/328/143 189/330/143 185/334/143
f 192/327/144 188/335/144 186/336/144 190/329/144
o Cube.029
v 1.058813 9.882094 9.098883
v 1.058813 11.881261 9.041153
v 1.058813 9.939824 11.098049
v 1.058813 11.938991 11.040319
v -0.941187 9.882094 9.098883
v -0.941187 11.881261 9.041153
v -0.941187 9.939824 11.098049
v -0.941187 11.938991 11.040319
vt 0.375000 0.000000
vt 0.625000 0.000000
vt 0.625000 0.250000
vt 0.375000 0.250000
vt 0.625000 0.500000
vt 0.375000 0.500000
vt 0.625000 0.750000
vt 0.375000 0.750000
vt 0.625000 1.000000
vt 0.375000 1.000000
vt 0.125000 0.500000
vt 0.125000 0.750000
vt 0.875000 0.500000
vt 0.875000 0.750000
vn 1.0000 0.0000 0.0000
vn 0.0000 0.0289 0.9996
vn -1.0000 0.0000 0.0000
vn 0.0000 -0.0289 -0.9996
vn 0.0000 -0.9996 0.0289
vn 0.0000 0.9996 -0.0289
usemtl None
s off
f 193/337/145 194/338/145 196/339/145 195/340/145
f 195/340/146 196/339/146 200/341/146 199/342/146
f 199/342/147 200/341/147 198/343/147 197/344/147
f 197/344/148 198/343/148 194/345/148 193/346/148
f 195/347/149 199/342/149 197/344/149 193/348/149
f 200/341/150 196/349/150 194/350/150 198/343/150
o Cube.030
v 1.043852 13.855984 10.681034
v 1.043852 13.172396 8.801484
v 1.043852 15.735533 9.997445
v 1.043852 15.051945 8.117895
v -0.956148 13.855984 10.681034
v -0.956148 13.172396 8.801484
v -0.956148 15.735533 9.997445
v -0.956148 15.051945 8.117895
vt 0.375000 0.000000
vt 0.625000 0.000000
vt 0.625000 0.250000
vt 0.375000 0.250000
vt 0.625000 0.500000
vt 0.375000 0.500000
vt 0.625000 0.750000
vt 0.375000 0.750000
vt 0.625000 1.000000
vt 0.375000 1.000000
vt 0.125000 0.500000
vt 0.125000 0.750000
vt 0.875000 0.500000
vt 0.875000 0.750000
vn 1.0000 0.0000 0.0000
vn 0.0000 0.9398 -0.3418
vn -1.0000 0.0000 0.0000
vn 0.0000 -0.9398 0.3418
vn 0.0000 0.3418 0.9398
vn 0.0000 -0.3418 -0.9398
usemtl None
s off
f 201/351/151 202/352/151 204/353/151 203/354/151
f 203/354/152 204/353/152 208/355/152 207/356/152
f 207/356/153 208/355/153 206/357/153 205/358/153
f 205/358/154 206/357/154 202/359/154 201/360/154
f 203/361/155 207/356/155 205/358/155 201/362/155
f 208/355/156 204/363/156 202/364/156 206/357/156
o Cube.031
v 1.058813 14.935911 8.237680
v 1.058813 16.731304 7.356452
v 1.058813 15.817139 10.033073
v 1.058813 17.612532 9.151846
v -0.941187 14.935911 8.237680
v -0.941187 16.731304 7.356452
v -0.941187 15.817139 10.033073
v -0.941187 17.612532 9.151846
vt 0.375000 0.000000
vt 0.625000 0.000000
vt 0.625000 0.250000
vt 0.375000 0.250000
vt 0.625000 0.500000
vt 0.375000 0.500000
vt 0.625000 0.750000
vt 0.375000 0.750000
vt 0.625000 1.000000
vt 0.375000 1.000000
vt 0.125000 0.500000
vt 0.125000 0.750000
vt 0.875000 0.500000
vt 0.875000 0.750000
vn 1.0000 0.0000 0.0000
vn 0.0000 0.4406 0.8977
vn -1.0000 0.0000 0.0000
vn 0.0000 -0.4406 -0.8977
vn 0.0000 -0.8977 0.4406
vn 0.0000 0.8977 -0.4406
usemtl None
s off
f 209/365/157 210/366/157 212/367/157 211/368/157
f 211/368/158 212/367/158 216/369/158 215/370/158
f 215/370/159 216/369/159 214/371/159 213/372/159
f 213/372/160 214/371/160 210/373/160 209/374/160
f 211/375/161 215/370/161 213/372/161 209/376/161
f 216/369/162 212/377/162 210/378/162 214/371/162
o Cube.032
v 1.036060 13.420356 8.739006
v 1.036060 13.869647 10.687887
v 1.036060 11.471475 9.188297
v 1.036060 11.920766 11.137178
v -0.963940 13.420356 8.739006
v -0.963940 13.869647 10.687887
v -0.963940 11.471475 9.188297
v -0.963940 11.920766 11.137178
vt 0.375000 0.000000
vt 0.625000 0.000000
vt 0.625000 0.250000
vt 0.375000 0.250000
vt 0.625000 0.500000
vt 0.375000 0.500000
vt 0.625000 0.750000
vt 0.375000 0.750000
vt 0.625000 1.000000
vt 0.375000 1.000000
vt 0.125000 0.500000
vt 0.125000 0.750000
vt 0.875000 0.500000
vt 0.875000 0.750000
vn 1.0000 0.0000 0.0000
vn 0.0000 -0.9744 0.2246
vn -1.0000 0.0000 0.0000
vn 0.0000 0.9744 -0.2246
vn 0.0000 -0.2246 -0.9744
vn 0.0000 0.2246 0.9744
usemtl None
s off
f 217/379/163 218/380/163 220/381/163 219/382/163
f 219/382/164 220/381/164 224/383/164 223/384/164
f 223/384/165 224/383/165 222/385/165 221/386/165
f 221/386/166 222/385/166 218/387/166 217/388/166
f 219/389/167 223/384/167 221/386/167 217/390/167
f 224/383/168 220/391/168 218/392/168 222/385/168
o Cube.033
v -3.373513 2.683691 0.908845
v -5.098913 3.694976 0.926159
v -4.384748 0.958205 0.918992
v -6.110147 1.969490 0.936306
v -3.393582 2.683691 -1.091054
v -5.118981 3.694976 -1.073740
v -4.404816 0.958205 -1.080907
v -6.130216 1.969490 -1.063593
vt 0.375000 0.000000
vt 0.625000 0.000000
vt 0.625000 0.250000
vt 0.375000 0.250000
vt 0.625000 0.500000
vt 0.375000 0.500000
vt 0.625000 0.750000
vt 0.375000 0.750000
vt 0.625000 1.000000
vt 0.375000 1.000000
vt 0.125000 0.500000
vt 0.125000 0.750000
vt 0.875000 0.500000
vt 0.875000 0.750000
vn 0.0100 -0.0000 0.9999
vn -0.5056 -0.8627 0.0051
vn -0.0100 0.0000 -0.9999
vn 0.5056 0.8627 -0.0051
vn 0.8627 -0.5056 -0.0087
vn -0.8627 0.5056 0.0087
usemtl None
s off
f 225/393/169 226/394/169 228/395/169 227/396/169
f 227/396/170 228/395/170 232/397/170 231/398/170
f 231/398/171 232/397/171 230/399/171 229/400/171
f 229/400/172 230/399/172 226/401/172 225/402/172
f 227/403/173 231/398/173 229/400/173 225/404/173
f 232/397/174 228/405/174 226/406/174 230/399/174
o Cube.034
v -0.455815 1.815408 0.856812
v -2.398945 2.288552 0.876311
v -0.928935 -0.127820 0.861560
v -2.872065 0.345324 0.881059
v -0.475883 1.815408 -1.143087
v -2.419014 2.288552 -1.123588
v -0.949003 -0.127820 -1.138340
v -2.892133 0.345324 -1.118841
vt 0.375000 0.000000
vt 0.625000 0.000000
vt 0.625000 0.250000
vt 0.375000 0.250000
vt 0.625000 0.500000
vt 0.375000 0.500000
vt 0.625000 0.750000
vt 0.375000 0.750000
vt 0.625000 1.000000
vt 0.375000 1.000000
vt 0.125000 0.500000
vt 0.125000 0.750000
vt 0.875000 0.500000
vt 0.875000 0.750000
vn 0.0100 0.0000 0.9999
vn -0.2366 -0.9716 0.0024
vn -0.0100 -0.0000 -0.9999
vn 0.2366 0.9716 -0.0024
vn 0.9716 -0.2366 -0.0097
vn -0.9716 0.2366 0.0097
usemtl None
s off
f 233/407/175 234/408/175 236/409/175 235/410/175
f 235/410/176 236/409/176 240/411/176 239/412/176
f 239/412/177 240/411/177 238/413/177 237/414/177
f 237/414/178 238/413/178 234/415/178 233/416/178
f 235/417/179 239/412/179 237/414/179 233/418/179
f 240/411/180 236/419/180 234/420/180 238/413/180
o Cube.035
v -2.666486 0.215999 0.886788
v -1.891628 2.059782 0.879012
v -4.510176 0.990895 0.905289
v -3.735318 2.834678 0.897513
v -2.686555 0.215999 -1.113111
v -1.911697 2.059782 -1.120887
v -4.530245 0.990895 -1.094610
v -3.755387 2.834678 -1.102386
vt 0.375000 0.000000
vt 0.625000 0.000000
vt 0.625000 0.250000
vt 0.375000 0.250000
vt 0.625000 0.500000
vt 0.375000 0.500000
vt 0.625000 0.750000
vt 0.375000 0.750000
vt 0.625000 1.000000
vt 0.375000 1.000000
vt 0.125000 0.500000
vt 0.125000 0.750000
vt 0.875000 0.500000
vt 0.875000 0.750000
vn 0.0100 -0.0000 0.9999
vn -0.9218 0.3874 0.0093
vn -0.0100 0.0000 -0.9999
vn 0.9218 -0.3874 -0.0093
vn -0.3874 -0.9219 0.0039
vn 0.3874 0.9219 -0.0039
usemtl None
s off
f 241/421/181 242/422/181 244/423/181 243/424/181
f 243/424/182 244/423/182 248/425/182 247/426/182
f 247/426/183 248/425/183 246/427/183 245/428/183
f 245/428/184 246/427/184 242/429/184 241/430/184
f 243/431/185 247/426/185 245/428/185 241/432/185
f 248/425/186 244/433/186 242/434/186 246/427/186
o Cube.036
v -3.373513 2.683691 0.908845
v -5.098913 3.694976 0.926159
v -4.384748 0.958205 0.918992
v -6.110147 1.969490 0.936306
v -3.393582 2.683691 -1.091054
v -5.118981 3.694976 -1.073740
v -4.404816 0.958205 -1.080907
v -6.130216 1.969490 -1.063593
vt 0.375000 0.000000
vt 0.625000 0.000000
vt 0.625000 0.250000
vt 0.375000 0.250000
vt 0.625000 0.500000
vt 0.375000 0.500000
vt 0.625000 0.750000
vt 0.375000 0.750000
vt 0.625000 1.000000
vt 0.375000 1.000000
vt 0.125000 0.500000
vt 0.125000 0.750000
vt 0.875000 0.500000
vt 0.875000 0.750000
vn 0.0100 -0.0000 0.9999
vn -0.5056 -0.8627 0.0051
vn -0.0100 0.0000 -0.9999
vn 0.5056 0.8627 -0.0051
vn 0.8627 -0.5056 -0.0087
vn -0.8627 0.5056 0.0087
usemtl None
s off
f 249/435/187 250/436/187 252/437/187 251/438/187
f 251/438/188 252/437/188 256/439/188 255/440/188
f 255/440/189 256/439/189 254/441/189 253/442/189
f 253/442/190 254/441/190 250/443/190 249/444/190
f 251/445/191 255/440/191 253/442/191 249/446/191
f 256/439/192 252/447/192 250/448/192 254/441/192
o Cube.037
v -7.618734 3.205747 0.936483
v -6.116139 4.525588 0.921404
v -8.938509 4.708418 0.949727
v -7.435913 6.028259 0.934648
v -7.638803 3.205747 -1.063416
v -6.136208 4.525588 -1.078495
v -8.958577 4.708418 -1.050173
v -7.455982 6.028259 -1.065251
vt 0.375000 0.000000
vt 0.625000 0.000000
vt 0.625000 0.250000
vt 0.375000 0.250000
vt 0.625000 0.500000
vt 0.375000 0.500000
vt 0.625000 0.750000
vt 0.375000 0.750000
vt 0.625000 1.000000
vt 0.375000 1.000000
vt 0.125000 0.500000
vt 0.125000 0.750000
vt 0.875000 0.500000
vt 0.875000 0.750000
vn 0.0100 -0.0000 0.9999
vn -0.6599 0.7513 0.0066
vn -0.0100 -0.0000 -0.9999
vn 0.6599 -0.7513 -0.0066
vn -0.7513 -0.6599 0.0075
vn 0.7513 0.6599 -0.0075
usemtl None
s off
f 257/449/193 258/450/193 260/451/193 259/452/193
f 259/452/194 260/451/194 264/453/194 263/454/194
f 263/454/195 264/453/195 262/455/195 261/456/195
f 261/456/196 262/455/196 258/457/196 257/458/196
f 259/459/197 263/454/197 261/456/197 257/460/197
f 264/453/198 260/461/198 258/462/198 262/455/198
o Cube.038
v -7.391567 5.867452 0.949165
v -8.542576 7.503009 0.960716
v -9.027041 4.716386 0.965577
v -10.178050 6.351943 0.977127
v -7.411635 5.867452 -1.050734
v -8.562644 7.503009 -1.039184
v -9.047110 4.716386 -1.034322
v -10.198118 6.351943 -1.022772
vt 0.375000 0.000000
vt 0.625000 0.000000
vt 0.625000 0.250000
vt 0.375000 0.250000
vt 0.625000 0.500000
vt 0.375000 0.500000
vt 0.625000 0.750000
vt 0.375000 0.750000
vt 0.625000 1.000000
vt 0.375000 1.000000
vt 0.125000 0.500000
vt 0.125000 0.750000
vt 0.875000 0.500000
vt 0.875000 0.750000
vn 0.0100 -0.0000 0.9999
vn -0.8177 -0.5755 0.0082
vn -0.0100 0.0000 -0.9999
vn 0.8177 0.5755 -0.0082
vn 0.5755 -0.8178 -0.0058
vn -0.5755 0.8178 0.0058
usemtl None
s off
f 265/463/199 266/464/199 268/465/199 267/466/199
f 267/466/200 268/465/200 272/467/200 271/468/200
f 271/468/201 272/467/201 270/469/201 269/470/201
f 269/470/202 270/469/202 266/471/202 265/472/202
f 267/473/203 271/468/203 269/470/203 265/474/203
f 272/467/204 268/475/204 266/476/204 270/469/204
o Cube.039
v -6.303641 4.699532 0.915494
v -7.634088 3.206302 0.928845
v -4.810487 3.369018 0.900511
v -6.140934 1.875789 0.913862
v -6.323710 4.699532 -1.084405
v -7.654157 3.206302 -1.071054
v -4.830556 3.369018 -1.099388
v -6.161002 1.875789 -1.086038
vt 0.375000 0.000000
vt 0.625000 0.000000
vt 0.625000 0.250000
vt 0.375000 0.250000
vt 0.625000 0.500000
vt 0.375000 0.500000
vt 0.625000 0.750000
vt 0.375000 0.750000
vt 0.625000 1.000000
vt 0.375000 1.000000
vt 0.125000 0.500000
vt 0.125000 0.750000
vt 0.875000 0.500000
vt 0.875000 0.750000
vn 0.0100 0.0000 0.9999
vn 0.7466 -0.6653 -0.0075
vn -0.0100 -0.0000 -0.9999
vn -0.7466 0.6653 0.0075
vn 0.6652 0.7466 -0.0067
vn -0.6652 -0.7466 0.0067
usemtl None
s off
f 273/477/205 274/478/205 276/479/205 275/480/205
f 275/480/206 276/479/206 280/481/206 279/482/206
f 279/482/207 280/481/207 278/483/207 277/484/207
f 277/484/208 278/483/208 274/485/208 273/486/208
f 275/487/209 279/482/209 277/484/209 273/488/209
f 280/481/210 276/489/210 274/490/210 278/483/210
o Cube.040
v -8.366374 6.905770 0.940874
v -8.885187 8.837299 0.946081
v -10.297806 6.386930 0.960256
v -10.816620 8.318460 0.965462
v -8.386442 6.905770 -1.059025
v -8.905256 8.837299 -1.053819
v -10.317875 6.386930 -1.039643
v -10.836688 8.318460 -1.034437
vt 0.375000 0.000000
vt 0.625000 0.000000
vt 0.625000 0.250000
vt 0.375000 0.250000
vt 0.625000 0.500000
vt 0.375000 0.500000
vt 0.625000 0.750000
vt 0.375000 0.750000
vt 0.625000 1.000000
vt 0.375000 1.000000
vt 0.125000 0.500000
vt 0.125000 0.750000
vt 0.875000 0.500000
vt 0.875000 0.750000
vn 0.0100 0.0000 0.9999
vn -0.9657 -0.2594 0.0097
vn -0.0100 -0.0000 -0.9999
vn 0.9657 0.2594 -0.0097
vn 0.2594 -0.9658 -0.0026
vn -0.2594 0.9658 0.0026
usemtl None
s off
f 281/491/211 282/492/211 284/493/211 283/494/211
f 283/494/212 284/493/212 288/495/212 287/496/212
f 287/496/213 288/495/213 286/497/213 285/498/213
f 285/498/214 286/497/214 282/499/214 281/500/214
f 283/501/215 287/496/215 285/498/215 281/502/215
f 288/495/216 284/503/216 282/504/216 286/497/216
o Cube.041
v -10.831204 8.076088 0.973401
v -8.841986 8.282511 0.953439
v -11.037617 10.065407 0.975472
v -9.048398 10.271830 0.955511
v -10.851274 8.076088 -1.026498
v -8.862055 8.282511 -1.046460
v -11.057686 10.065407 -1.024427
v -9.068467 10.271830 -1.044389
vt 0.375000 0.000000
vt 0.625000 0.000000
vt 0.625000 0.250000
vt 0.375000 0.250000
vt 0.625000 0.500000
vt 0.375000 0.500000
vt 0.625000 0.750000
vt 0.375000 0.750000
vt 0.625000 1.000000
vt 0.375000 1.000000
vt 0.125000 0.500000
vt 0.125000 0.750000
vt 0.875000 0.500000
vt 0.875000 0.750000
vn 0.0100 0.0000 0.9999
vn -0.1032 0.9947 0.0010
vn -0.0100 -0.0000 -0.9999
vn 0.1032 -0.9947 -0.0010
vn -0.9946 -0.1032 0.0100
vn 0.9946 0.1032 -0.0100
usemtl None
s off
f 289/505/217 290/506/217 292/507/217 291/508/217
f 291/508/218 292/507/218 296/509/218 295/510/218
f 295/510/219 296/509/219 294/511/219 293/512/219
f 293/512/220 294/511/220 290/513/220 289/514/220
f 291/515/221 295/510/221 293/512/221 289/516/221
f 296/509/222 292/517/222 290/518/222 294/511/222
o Cube.042
v -9.006868 9.882094 0.970056
v -8.949142 11.881261 0.969476
v -11.005935 9.939824 0.990116
v -10.948208 11.938991 0.989536
v -9.026937 9.882094 -1.029844
v -8.969211 11.881261 -1.030423
v -11.026003 9.939824 -1.009784
v -10.968277 11.938991 -1.010363
vt 0.375000 0.000000
vt 0.625000 0.000000
vt 0.625000 0.250000
vt 0.375000 0.250000
vt 0.625000 0.500000
vt 0.375000 0.500000
vt 0.625000 0.750000
vt 0.375000 0.750000
vt 0.625000 1.000000
vt 0.375000 1.000000
vt 0.125000 0.500000
vt 0.125000 0.750000
vt 0.875000 0.500000
vt 0.875000 0.750000
vn 0.0100 0.0000 0.9999
vn -0.9995 0.0289 0.0100
vn -0.0100 0.0000 -0.9999
vn 0.9995 -0.0289 -0.0100
vn -0.0289 -0.9996 0.0003
vn 0.0289 0.9996 -0.0003
usemtl None
s off
f 297/519/223 298/520/223 300/521/223 299/522/223
f 299/522/224 300/521/224 304/523/224 303/524/224
f 303/524/225 304/523/225 302/525/225 301/526/225
f 301/526/226 302/525/226 298/527/226 297/528/226
f 299/529/227 303/524/227 301/526/227 297/530/227
f 304/523/228 300/531/228 298/532/228 302/525/228
o Cube.043
v -10.589088 13.855984 0.970972
v -8.709634 13.172395 0.952112
v -9.905534 15.735534 0.964113
v -8.026079 15.051945 0.945253
v -10.609158 13.855984 -1.028927
v -8.729703 13.172395 -1.047787
v -9.925603 15.735534 -1.035786
v -8.046148 15.051945 -1.054646
vt 0.375000 0.000000
vt 0.625000 0.000000
vt 0.625000 0.250000
vt 0.375000 0.250000
vt 0.625000 0.500000
vt 0.375000 0.500000
vt 0.625000 0.750000
vt 0.375000 0.750000
vt 0.625000 1.000000
vt 0.375000 1.000000
vt 0.125000 0.500000
vt 0.125000 0.750000
vt 0.875000 0.500000
vt 0.875000 0.750000
vn 0.0100 0.0000 0.9999
vn 0.3418 0.9398 -0.0034
vn -0.0100 0.0000 -0.9999
vn -0.3418 -0.9398 0.0034
vn -0.9397 0.3418 0.0094
vn 0.9397 -0.3418 -0.0094
usemtl None
s off
f 305/533/229 306/534/229 308/535/229 307/536/229
f 307/536/230 308/535/230 312/537/230 311/538/230
f 311/538/231 312/537/231 310/539/231 309/540/231
f 309/540/232 310/539/232 306/541/232 305/542/232
f 307/543/233 311/538/233 309/540/233 305/544/233
f 312/537/234 308/545/234 306/546/234 310/539/234
o Cube.044
v -8.145709 14.935911 0.961414
v -7.264526 16.731304 0.952571
v -9.941012 15.817139 0.979429
v -9.059829 17.612532 0.970587
v -8.165778 14.935911 -1.038486
v -7.284595 16.731304 -1.047328
v -9.961081 15.817139 -1.020470
v -9.079898 17.612532 -1.029313
vt 0.375000 0.000000
vt 0.625000 0.000000
vt 0.625000 0.250000
vt 0.375000 0.250000
vt 0.625000 0.500000
vt 0.375000 0.500000
vt 0.625000 0.750000
vt 0.375000 0.750000
vt 0.625000 1.000000
vt 0.375000 1.000000
vt 0.125000 0.500000
vt 0.125000 0.750000
vt 0.875000 0.500000
vt 0.875000 0.750000
vn 0.0100 -0.0000 0.9999
vn -0.8977 0.4406 0.0090
vn -0.0100 0.0000 -0.9999
vn 0.8977 -0.4406 -0.0090
vn -0.4406 -0.8977 0.0044
vn 0.4406 0.8977 -0.0044
usemtl None
s off
f 313/547/235 314/548/235 316/549/235 315/550/235
f 315/550/236 316/549/236 320/551/236 319/552/236
f 319/552/237 320/551/237 318/553/237 317/554/237
f 317/554/238 318/553/238 314/555/238 313/556/238
f 315/557/239 319/552/239 317/554/239 313/558/239
f 320/551/240 316/559/240 314/560/240 318/553/240
